           1      77.8448
           2      113.415
           3      38.7224
           4            0
           5            0
           6            0
           7            0
           8      15.9189
           9            0
          10      24.2546
          11      60.0911
          12      20.1096
          13       35.031
          14      125.608
          15      24.9488
          16      44.6752
          17      70.8953
          18      3.41502
          19      81.3908
          20      36.0898
          21      25.1537
