           1      27.0593
           2      38.4314
           3      14.8179
           4            0
           5            0
           6            0
           7            0
           8      7.78307
           9            0
          10      11.0925
          11      26.2503
          12      4.17923
          13      7.90923
          14      44.1846
          15      7.76836
          16      17.9229
          17      17.0872
          18      1.50493
          19      33.6197
          20      12.0909
          21      6.05496
