           1       71.456
           2      119.502
           3      44.5215
           4            0
           5            0
           6            0
           7            0
           8      26.1714
           9            0
          10      34.5373
          11      104.074
          12      20.0388
          13      33.9554
          14      254.789
          15      62.1963
          16      71.8776
          17      181.221
          18      8.39131
          19      158.751
          20      85.2155
          21      57.3911
