           1      32.1908
           2      58.7981
           3      23.1919
           4            0
           5            0
           6            0
           7            0
           8      8.25851
           9            0
          10      13.3139
          11      27.6947
          12      5.33245
          13      9.04433
          14      40.6854
          15      6.26164
          16      41.6838
          17      13.3306
          18      1.87666
          19      29.9216
          20      8.27096
          21      3.14075
