           1       27.311
           2       38.827
           3      15.3472
           4            0
           5            0
           6            0
           7            0
           8      7.32934
           9            0
          10      10.6712
          11      24.7123
          12       4.0292
          13      7.59886
          14      40.5979
          15      7.06641
          16      20.1119
          17      15.5844
          18      1.69986
          19       29.432
          20      9.68375
          21      4.63765
