           1      86.1485
           2      110.654
           3      41.1136
           4            0
           5            0
           6            0
           7            0
           8      15.5995
           9            0
          10      23.5749
          11      59.1751
          12      21.7741
          13      35.6177
          14      123.226
          15      24.2534
          16      52.2855
          17      69.3151
          18      3.07651
          19      69.8476
          20      28.3572
          21      18.0384
