           1      97.5961
           2      204.676
           3      86.0117
           4            0
           5            0
           6            0
           7            0
           8      34.4654
           9            0
          10      47.8159
          11      136.878
          12      33.8162
          13      86.7571
          14      318.511
          15      73.7229
          16      127.344
          17      191.603
          18       21.255
          19      257.153
          20      132.191
          21      93.5219
