           1      81.0444
           2      175.269
           3      42.2824
           4            0
           5            0
           6            0
           7            0
           8      26.2769
           9            0
          10      41.0898
          11      88.4351
          12      26.3876
          13      40.8479
          14      150.053
          15      20.6649
          16      81.8415
          17      41.6784
          18      4.16527
          19       196.94
          20      83.0074
          21      45.5726
