           1      30.5578
           2       55.885
           3      22.2547
           4            0
           5            0
           6            0
           7            0
           8      7.91043
           9            0
          10      12.7152
          11      26.5361
          12      4.97415
          13      8.61523
          14      39.0379
          15      6.08672
          16      39.0682
          17      12.9511
          18      1.82562
          19      28.8142
          20      7.98865
          21      3.06594
