           1      71.9342
           2      117.883
           3      44.1725
           4            0
           5            0
           6            0
           7            0
           8      25.6793
           9            0
          10      33.8928
          11      102.223
          12      19.9009
          13      33.7174
          14      250.427
          15      61.1597
          16      69.1647
          17      178.114
          18      3.91603
          19      146.725
          20      82.7078
          21      55.3936
