           1      22.1005
           2      33.7151
           3      12.2789
           4            0
           5            0
           6            0
           7            0
           8      6.66424
           9            0
          10      9.47014
          11      23.2218
          12      3.70156
          13      6.88669
          14      42.7592
          15      8.32805
          16      14.8361
          17       19.987
          18      1.70281
          19      33.7914
          20      12.5008
          21       5.5705
