           1      24.7454
           2      49.3753
           3      11.0848
           4            0
           5            0
           6            0
           7            0
           8      8.29883
           9            0
          10      12.4254
          11      28.2998
          12      3.27445
          13      4.05826
          14      51.3219
          15      9.79048
          16      18.4666
          17      21.0714
          18       1.8481
          19      43.7713
          20      16.1496
          21      7.12406
