1	1
	1	1	0.1	0.05	1	0.45	5	0.5
	5.25	5.25	5.25	5.25	5.25	5.25	5.25	5.25	5.25	5.25	5.25	5.25
2	4
	1	0.0540541	0.1	0.05	1	0.45	5	0.5
	5.25	5.25	5.25	5.25	5.25	5.25	5.25	5.25	5.25	5.25	5.25	5.25
	4	0.351351	0.1	0.05	1	0.45	5	0.5
	0.45	0.45	0.587	2.388	5.838	5.875	5.85	5.85	5.688	4.363	0.938	0.475
	8	0.567568	0.1	0.1	1	0.65	1	0.25
	0.375	0.387	0.475	0.875	1.075	1.188	0.975	0.838	0.788	0.712	0.538	0.45
	13	0.0270270	0.1	0.1	1	0.7	0.5	0.2
	0.15	0.15	0.175	0.3	0.637	0.925	0.9	0.787	0.562	0.25	0.162	0.15
3	3
	1	0.0232558	0.1	0.05	1	0.45	5	0.5
	5.25	5.25	5.25	5.25	5.25	5.25	5.25	5.25	5.25	5.25	5.25	5.25
	4	0.395349	0.1	0.05	1	0.45	5	0.5
	0.45	0.45	0.587	2.388	5.838	5.875	5.85	5.85	5.688	4.363	0.938	0.475
	8	0.581395	0.1	0.1	1	0.65	1	0.25
	0.375	0.387	0.475	0.875	1.075	1.188	0.975	0.838	0.788	0.712	0.538	0.45
4	3
	1	0.0158730	0.1	0.05	1	0.45	5	0.5
	5.25	5.25	5.25	5.25	5.25	5.25	5.25	5.25	5.25	5.25	5.25	5.25
	4	0.0634921	0.1	0.05	1	0.45	5	0.5
	0.45	0.45	0.587	2.388	5.838	5.875	5.85	5.85	5.688	4.363	0.938	0.475
	8	0.920635	0.1	0.1	1	0.65	1	0.25
	0.375	0.387	0.475	0.875	1.075	1.188	0.975	0.838	0.788	0.712	0.538	0.45
5	6
	1	0.0266667	0.1	0.05	1	0.45	5	0.5
	5.25	5.25	5.25	5.25	5.25	5.25	5.25	5.25	5.25	5.25	5.25	5.25
	4	0.173333	0.1	0.05	1	0.45	5	0.5
	0.45	0.45	0.587	2.388	5.838	5.875	5.85	5.85	5.688	4.363	0.938	0.475
	5	0.0133333	0.1	0.1	1	0.65	1	0.25
	1.8	1.475	1.837	2.75	2.875	2.938	2.913	2.787	3.15	3.487	2.75	2.25
	8	0.746667	0.1	0.1	1	0.65	1	0.25
	0.375	0.387	0.475	0.875	1.075	1.188	0.975	0.838	0.788	0.712	0.538	0.45
	10	0.0133333	0.1	0.1	1	0.7	0.5	0.2
	0.15	0.15	0.175	0.3	0.637	0.925	0.9	0.787	0.562	0.25	0.162	0.15
	12	0.0266667	0.1	0.1	0.75	0.6	0.5	0.3
	0.275	0.25	0.663	1.525	1.062	0.312	0.275	0.212	0.212	0.25	0.55	0.387
6	3
	1	0.106061	0.1	0.05	1	0.45	5	0.5
	5.25	5.25	5.25	5.25	5.25	5.25	5.25	5.25	5.25	5.25	5.25	5.25
	4	0.272727	0.1	0.05	1	0.45	5	0.5
	0.45	0.45	0.587	2.388	5.838	5.875	5.85	5.85	5.688	4.363	0.938	0.475
	8	0.621212	0.1	0.1	1	0.65	1	0.25
	0.375	0.387	0.475	0.875	1.075	1.188	0.975	0.838	0.788	0.712	0.538	0.45
7	4
	1	0.158730	0.1	0.05	1	0.45	5	0.5
	5.25	5.25	5.25	5.25	5.25	5.25	5.25	5.25	5.25	5.25	5.25	5.25
	4	0.238095	0.1	0.05	1	0.45	5	0.5
	0.45	0.45	0.587	2.388	5.838	5.875	5.85	5.85	5.688	4.363	0.938	0.475
	8	0.587302	0.1	0.1	1	0.65	1	0.25
	0.375	0.387	0.475	0.875	1.075	1.188	0.975	0.838	0.788	0.712	0.538	0.45
	12	0.0158730	0.1	0.1	0.75	0.6	0.5	0.3
	0.275	0.25	0.663	1.525	1.062	0.312	0.275	0.212	0.212	0.25	0.55	0.387
8	2
	8	0.969697	0.1	0.1	1	0.65	1	0.25
	0.375	0.387	0.475	0.875	1.075	1.188	0.975	0.838	0.788	0.712	0.538	0.45
	14	0.0303030	0.1	0.05	1	0.45	5	0.5
	0.112	0.125	0.275	1.188	3.675	5.787	5.862	5.838	5.025	1.587	0.475	0.213
9	2
	4	0.166667	0.1	0.05	1	0.45	5	0.5
	0.45	0.45	0.587	2.388	5.838	5.875	5.85	5.85	5.688	4.363	0.938	0.475
	8	0.833333	0.1	0.1	1	0.65	1	0.25
	0.375	0.387	0.475	0.875	1.075	1.188	0.975	0.838	0.788	0.712	0.538	0.45
10	3
	4	0.142857	0.1	0.05	1	0.45	5	0.5
	0.45	0.45	0.587	2.388	5.838	5.875	5.85	5.85	5.688	4.363	0.938	0.475
	8	0.833333	0.1	0.1	1	0.65	1	0.25
	0.375	0.387	0.475	0.875	1.075	1.188	0.975	0.838	0.788	0.712	0.538	0.45
	12	0.0238095	0.1	0.1	0.75	0.6	0.5	0.3
	0.275	0.25	0.663	1.525	1.062	0.312	0.275	0.212	0.212	0.25	0.55	0.387
11	2
	8	0.957143	0.1	0.1	1	0.65	1	0.25
	0.375	0.387	0.475	0.875	1.075	1.188	0.975	0.838	0.788	0.712	0.538	0.45
	10	0.0428571	0.1	0.1	1	0.7	0.5	0.2
	0.15	0.15	0.175	0.3	0.637	0.925	0.9	0.787	0.562	0.25	0.162	0.15
12	3
	8	0.939394	0.1	0.1	1	0.65	1	0.25
	0.375	0.387	0.475	0.875	1.075	1.188	0.975	0.838	0.788	0.712	0.538	0.45
	10	0.0454545	0.1	0.1	1	0.7	0.5	0.2
	0.15	0.15	0.175	0.3	0.637	0.925	0.9	0.787	0.562	0.25	0.162	0.15
	14	0.0151515	0.1	0.05	1	0.45	5	0.5
	0.112	0.125	0.275	1.188	3.675	5.787	5.862	5.838	5.025	1.587	0.475	0.213
13	2
	8	0.923077	0.1	0.1	1	0.65	1	0.25
	0.375	0.387	0.475	0.875	1.075	1.188	0.975	0.838	0.788	0.712	0.538	0.45
	10	0.0769231	0.1	0.1	1	0.7	0.5	0.2
	0.15	0.15	0.175	0.3	0.637	0.925	0.9	0.787	0.562	0.25	0.162	0.15
14	2
	4	0.0769231	0.1	0.05	1	0.45	5	0.5
	0.45	0.45	0.587	2.388	5.838	5.875	5.85	5.85	5.688	4.363	0.938	0.475
	8	0.923077	0.1	0.1	1	0.65	1	0.25
	0.375	0.387	0.475	0.875	1.075	1.188	0.975	0.838	0.788	0.712	0.538	0.45
	