           1      27.7093
           2      64.8117
           3      20.5214
           4            0
           5            0
           6            0
           7            0
           8      7.82154
           9            0
          10      13.3197
          11       26.641
          12      2.37732
          13      4.85252
          14      41.8387
          15      8.00335
          16      36.0165
          17      17.0174
          18      1.57584
          19      51.1239
          20      18.3081
          21       8.2111
