           1      20.0956
           2      50.3133
           3      21.4716
           4            0
           5            0
           6            0
           7            0
           8      7.37763
           9            0
          10       11.628
          11      25.6541
          12      2.81206
          13       6.8163
          14      41.9424
          15      8.35854
          16      32.2347
          17       20.471
          18      1.29407
          19      25.5688
          20      7.18903
          21      2.27412
