           1      124.323
           2      238.522
           3      50.1587
           4            0
           5            0
           6            0
           7            0
           8      30.4217
           9            0
          10       49.674
          11      106.702
          12      45.5448
          13      57.9083
          14      203.071
          15      29.1881
          16      101.098
          17      66.4869
          18       9.2599
          19      213.309
          20      91.3284
          21      50.0551
