           1      88.0594
           2      201.549
           3       61.715
           4            0
           5            0
           6            0
           7            0
           8      23.3354
           9            0
          10      40.1425
          11      79.6139
          12      30.0251
          13      37.5233
          14      124.841
          15      12.6125
          16      117.609
          17      25.7726
          18      6.69881
          19      157.741
          20      57.4561
          21      26.3632
