           1      48.6542
           2      119.725
           3      47.4442
           4            0
           5            0
           6            0
           7            0
           8      11.7466
           9            0
          10      21.1116
          11      43.6164
          12      15.4855
          13      26.6112
          14       75.068
          15      12.8266
          16      69.3253
          17      36.4982
          18      2.36485
          19      47.9324
          20      12.2146
          21      4.17947
