           1      24.5579
           2      63.0402
           3      25.1734
           4            0
           5            0
           6            0
           7            0
           8      7.65152
           9            0
          10      13.0422
          11      25.8093
          12       3.4121
          13      5.52523
          14      36.5352
          15      6.22793
          16      40.2418
          17       14.205
          18     0.976104
          19       22.296
          20      5.53513
          21      1.53933
