           1      20.7931
           2      47.3968
           3      18.7735
           4            0
           5            0
           6            0
           7            0
           8      7.46818
           9            0
          10      11.5514
          11       25.508
          12      2.98126
          13      4.57491
          14      40.6129
          15      7.31127
          16      37.2287
          17      16.5443
          18      1.70419
          19      35.4639
          20      9.90193
          21      3.10897
