           1      22.3273
           2      47.0674
           3      19.3938
           4            0
           5            0
           6            0
           7            0
           8      7.11393
           9            0
          10      11.0821
          11      25.3251
          12      3.96745
          13      7.56795
          14      45.2881
          15       9.1111
          16      30.3707
          17      24.3531
          18      1.86581
          19      30.1969
          20      8.38105
          21      2.78144
