           1      28.3094
           2       43.856
           3      16.9374
           4            0
           5            0
           6            0
           7            0
           8      6.96539
           9            0
          10      10.7857
          11      23.3259
          12      4.17818
          13      7.63732
          14       35.524
          15      5.87284
          16      45.8567
          17      12.8239
          18      1.42144
          19      23.2362
          20      6.45435
          21      2.54773
