           1      51.4026
           2      84.4346
           3      33.7645
           4            0
           5            0
           6            0
           7            0
           8      18.8742
           9            0
          10      25.0551
          11      74.2702
          12      15.5588
          13      29.0046
          14      175.971
          15      41.6149
          16      65.8443
          17      120.889
          18      2.60901
          19       96.803
          20      51.1951
          21      40.6345
