           1       21.443
           2      41.5438
           3      18.6437
           4            0
           5            0
           6            0
           7            0
           8      6.48661
           9            0
          10      10.1292
          11      22.1657
          12      2.57247
          13      4.64957
          14       33.443
          15      5.86864
          16      41.4632
          17      13.2758
          18      1.36214
          19      30.5614
          20      8.21669
          21      2.54949
