           1      21.8547
           2      41.8291
           3      17.6013
           4            0
           5            0
           6            0
           7            0
           8      6.67668
           9            0
          10      10.2542
          11      23.6594
          12      3.50616
          13      7.19644
          14      41.7054
          15       8.4137
          16      36.6933
          17      22.2529
          18      1.50684
          19      24.1785
          20      6.39433
          21      2.09684
