           1      20.3634
           2      33.1676
           3      13.8786
           4            0
           5            0
           6            0
           7            0
           8       6.2479
           9            0
          10      9.04158
          11      21.7885
          12      3.44924
          13      6.72259
          14       38.676
          15      7.47128
          16      18.2203
          17      18.0712
          18      1.71504
          19        30.32
          20      10.1403
          21      4.15305
