           1       20.207
           2      41.6848
           3      12.5591
           4            0
           5            0
           6            0
           7            0
           8      7.25334
           9            0
          10      10.7984
          11      24.7201
          12      2.62025
          13      3.49991
          14      42.8556
          15      7.99545
          16      25.3118
          17      17.8788
          18      1.72191
          19       39.184
          20      12.5598
          21      5.03455
