           1      23.8682
           2      49.7638
           3      20.3182
           4            0
           5            0
           6            0
           7            0
           8      7.61864
           9            0
          10      11.8136
          11      27.1155
          12      4.25102
          13      7.95446
          14      48.6853
          15      9.80313
          16      32.3002
          17      25.7014
          18      1.95517
          19      31.9413
          20      8.92055
          21      2.99599
