           1      22.9204
           2       52.722
           3      19.7752
           4            0
           5            0
           6            0
           7            0
           8      8.32463
           9            0
          10      12.8553
          11      28.4199
          12       3.3301
          13        5.082
          14      45.9189
          15      8.35136
          16      39.1099
          17      18.9059
          18      1.83102
          19      38.4595
          20      11.3393
          21       4.1191
